-2.980023064
-2.161515579
-2.980023064
-1.343449224
-3.857675875
-1.343449224
-2.161515579
-2.980023064
-4.677633118
-2.161515579
-2.161515579
-0.467249049
1.226608852
1.226608852
0.350435087
1.226608852
-1.343449224
0.350435087
-0.467249049
-2.161515579
-0.467249049
-1.343449224
2.044625857
3.740607626
9.682930868
12.24125655
14.8850561
18.35989072
21.0901799
21.9691958
29.49546966
35.45197659
40.79956697
44.28813596
49.14531372
51.80702609
56.07466137
57.6779433
64.71298899
62.73395555
64.71298899
71.44384854
66.70060539
66.70060539
82.67776438
90
90
74.21376599
90
90
90
90
90
90
90
90
90
90
90
90
90
90
90
90
90
82.67776438
90
90
90
77.84291503
90
90
90
90
90
82.67776438
71.44384854
90
66.70060539
90
59.24112659
77.84291503
60.99976717
90
68.86313474
90
59.24112659
71.44384854
77.84291503
82.67776438
68.86313474
90
68.86313474
90
64.71298899
82.67776438
90
66.70060539
77.84291503
64.71298899
68.86313474
90
57.6779433
66.70060539
71.44384854
53.2470726
59.24112659
53.2470726
56.07466137
41.96722563
46.61957562
41.96722563
36.53479914
32.42448495
32.42448495
24.70465452
21.0901799
19.28548164
15.73282226
9.682930868
5.439879108
1.226608852
-4.677633118
-8.913544669
-15.85421601
-19.40928409
-23.93553056
-22.9805074
-30.57492215
-27.63339201
-31.52938463
-32.56297682
-37.70678949
-36.60752261
-39.88004969
-45.60854041
-51.99634312
-53.3447926
-57.897076
-56.28452988
-62.99004423
-61.12046669
-69.18947816
-64.85006826
-69.18947816
-62.99004423
-74.64899178
-69.18947816
-90
-71.81448235
-57.897076
-83.65983802
-66.9977189
-78.12344272
-57.897076
-83.65983802
-71.81448235
-71.81448235
-83.65983802
-71.81448235
-54.83860754
-64.85006826
-90
-62.99004423
-74.64899178
-62.99004423
-69.18947816
-69.18947816
-62.99004423
-51.99634312
-61.12046669
-54.83860754
-54.83860754
-51.99634312
-54.83860754
-46.78991413
-48.08516738
-43.23680967
-48.08516738
-46.78991413
-46.78991413
-45.60854041
-44.36978317
-39.88004969
-44.36978317
-42.04582602
-42.04582602
-49.32420798
-34.52519664
-36.60752261
-46.78991413
-31.52938463
-45.60854041
-38.74768398
-39.88004969
-48.08516738
-53.3447926
-51.99634312
-45.60854041
-48.08516738
-62.99004423
-57.897076
-56.28452988
-78.12344272
-69.18947816
-61.12046669
-62.99004423
-83.65983802
-59.47029971
-74.64899178
-66.9977189
-69.18947816
-90
-78.12344272
-74.64899178
-62.99004423
-61.12046669
-90
-59.47029971
-83.65983802
-57.897076
-62.99004423
-57.897076
-51.99634312
-53.3447926
-48.08516738
-45.60854041
-42.04582602
-40.95405469
-35.59550111
-36.60752261
-33.53851786
-29.56259422
-27.63339201
-27.63339201
-26.71425704
-24.83330036
-21.15279175
-19.40928409
-14.94549803
-15.85421601
-10.63230955
-10.63230955
-9.80145102
-7.261705405
-5.557230073
-3.857675875
-3.857675875
-1.343449224
-0.467249049
0.350435087
2.921540036
3.740607626
6.261844834
9.682930868
9.682930868
12.24125655
13.13928494
16.64508741
19.28548164
21.0901799
24.70465452
26.5835626
31.39244268
35.45197659
38.59806561
37.55928925
45.44180945
49.14531372
50.50333173
50.50333173
57.6779433
53.2470726
57.6779433
60.99976717
60.99976717
60.99976717
68.86313474
64.71298899
66.70060539
68.86313474
74.21376599
74.21376599
77.84291503
82.67776438
90
90
90
82.67776438
90
90
90
90
90
90
90
90
90
90
90
90
82.67776438
90
82.67776438
90
90
82.67776438
77.84291503
90
90
82.67776438
77.84291503
90
71.44384854
90
64.71298899
66.70060539
77.84291503
66.70060539
90
50.50333173
90
77.84291503
90
51.80702609
90
90
82.67776438
71.44384854
90
77.84291503
90
90
74.21376599
90
74.21376599
74.21376599
82.67776438
77.84291503
77.84291503
82.67776438
74.21376599
77.84291503
74.21376599
68.86313474
62.73395555
57.6779433
71.44384854
51.80702609
56.07466137
47.91060321
45.44180945
46.61957562
38.59806561
43.07668168
31.39244268
33.39848847
23.80779208
24.70465452
17.50046608
13.9804151
5.439879108
5.439879108
-2.161515579
-7.261705405
-14.10082341
-17.62298749
-22.9805074
-25.80248407
-30.57492215
-32.56297682
-40.95405469
-43.23680967
-54.83860754
-62.99004423
-69.18947816
-83.65983802
-74.64899178
-90
-66.9977189
-90
-54.83860754
-90
-50.59524893
-90
-74.64899178
-90
-71.81448235
-90
-64.85006826
-59.47029971
-90
-53.3447926
-42.04582602
-90
-49.32420798
-43.23680967
-45.60854041
-39.88004969
-36.60752261
-34.52519664
-29.56259422
-44.36978317
-37.70678949
-39.88004969
-24.83330036
-42.04582602
-45.60854041
-48.08516738
-45.60854041
-43.23680967
-48.08516738
-71.81448235
-90
-54.83860754
-90
-90
-90
-90
-90
-90
-90
-90
-90
-62.99004423
-61.12046669
-51.99634312
-43.23680967
-38.74768398
-31.52938463
-28.62683105
-17.62298749
-8.913544669
-2.980023064
4.619034895
10.57288959
21.0901799
25.67280818
27.56748647
46.61957562
45.44180945
59.24112659
68.86313474
74.21376599
90
66.70060539
77.84291503
90
90
90
90
90
71.44384854
90
64.71298899
90
74.21376599
90
60.99976717
56.07466137
90
44.28813596
66.70060539
66.70060539
59.24112659
90
38.59806561
56.07466137
47.91060321
46.61957562
32.42448495
29.49546966
34.45433575
18.35989072
12.24125655
4.619034895
-0.467249049
-21.15279175
-22.09520914
-30.57492215
-36.60752261
-66.9977189
-57.897076
-90
-90
-90
-90
-90
-90
-90
-90
-90
-90
-90
-90
-69.18947816
-57.897076
-50.59524893
-59.47029971
-45.60854041
-28.62683105
-59.47029971
-27.63339201
-48.08516738
-51.99634312
-46.78991413
-57.897076
-62.99004423
-44.36978317
-90
-90
-53.3447926
-78.12344272
-90
-90
-90
-90
-90
-90
-90
-61.12046669
-83.65983802
-62.99004423
-48.08516738
-39.88004969
-29.56259422
-22.9805074
-18.48301065
-3.857675875
2.921540036
11.40584788
11.40584788
15.73282226
10.57288959
13.9804151
13.13928494
10.57288959
7.968812139
9.682930868
8.854429987
9.682930868
9.682930868
9.682930868
8.854429987
5.439879108
4.619034895
5.439879108
-9.80145102
-9.80145102
-9.80145102
-20.27858728
-18.48301065
-43.23680967
-54.83860754
-44.36978317
-61.12046669
-51.99634312
-46.78991413
-54.83860754
-43.23680967
-45.60854041
-42.04582602
-40.95405469
-45.60854041
-43.23680967
-40.95405469
-42.04582602
-43.23680967
-44.36978317
-42.04582602
-42.04582602
-39.88004969
-39.88004969
-37.70678949
-39.88004969
-38.74768398
-38.74768398
-38.74768398
-38.74768398
-38.74768398
