1504
1559
1613
1669
1724
1778
1833
1889
1943
1998
2053
2108
2163
2219
2273
2328
2382
2438
2493
2547
2603
2658
2712
2767
2823
2877
2932
2988
3042
3097
3152
3207
3262
3317
3372
3427
3482
3536
3592
3647
3701
3757
3812
3866
3921
3977
4031
4086
4142
4196
4251
4306
4361
4416
4471
4526
4581
4636
4690
4746
4801
4855
4911
4966
5020
5075
5131
5185
5240
5296
5350
5405
5460
5515
5570
5625
5680
5735
5789
5844
5900
5954
6009
6065
6119
6174
6228
6284
6339
6393
6449
6504
6559
6614
6669
6723
6778
6834
6888
6943
6999
7053
7108
7163
7218
7273
7327
7383
7438
7492
7547
7603
7657
7712
7768
7822
7877
7932
7987
8042
8097
8152
8207
8262
8317
8372
8427
8482
8537
8592
8647
8701
8757
8812
8866
8922
8977
9031
9086
9142
9196
9251
9307
9362
9416
9472
9527
9581
9636
9692
9746
9801
9857
9912
9966
10021
10077
10131
10186
10242
10297
10351
10406
10462
10517
10572
10627
10682
10737
10792
10847
10902
10957
11012
11067
11122
11176
11232
11287
11342
11397
11452
11507
11561
11617
11672
11727
11782
11837
11892
11947
12002
12057
12111
12167
12222
12276
12332
12387
12441
12496
12552
12607
12661
12717
12772
12826
12881
12937
12992
13046
13102
13157
13212
13266
13322
13377
13431
13487
13542
13597
13651
13707
13762
13816
13872
13927
13982
14036
14092
14147
14201
14257
14312
14366
14422
14477
14531
14586
14642
14697
14751
14807
14862
14917
14971
15027
15082
15137
15192
15247
15302
15357
15412
15467
15522
15577
15632
15687
15741
15797
15852
15906
15962
16017
16072
16126
16182
16237
16291
16347
16402
16457
16512
16567
16622
16676
16732
16787
16842
16897
16952
17007
17061
17117
17172
17226
17282
17337
17391
17446
17502
17557
17611
17667
17722
17776
17831
17887
17941
17996
18052
18107
18161
18216
18272
18326
18381
18437
18491
18546
18601
18657
18711
18766
18822
18876
18931
18987
19041
19096
19151
19206
19261
19316
19372
19426
19481
19536
19592
19646
19701
19757
19811
19866
19921
19977
20031
20086
20142
20196
20251
20306
20361
20416
20471
20526
20581
20636
20691
20746
20801
20856
20911
20966
21021
21075
21131
21186
21240
21296
21351
21406
21460
21516
21571
21626
21682
21736
21791
21847
21902
21956
22011
22067
22122
22176
22232
22287
22342
22397
22452
22507
22562
22618
22672
22727
22782
22838
22892
22947
23003
23058
23113
23168
23223
23278
23333
23389
23443
23498
23554
23609
23663
23718
23774
23828
23883
23939
23994
24048
24103
24159
24214
24268
24324
24379
24434
24488
24544
24599
24654
24710
24764
24819
24875
24930
24984
25039
25095
25150
25204
25260
25315
25370
25425
25480
25535
25590
25646
25701
25755
25810
25866
25921
25976
26031
26086
26141
26195
26251
26306
26361
26416
26471
26526
26582
26636
26691
26746
26802
26856
26911
26967
27021
27076
27131
27187
27241
27296
27352
27407
27461
27516
27572
27627
27681
27737
27792
27847
27901
27957
28012
28067
28122
28177
28232
28288
28342
28397
28452
28508
28563
28617
28673
28728
28783
28837
28893
28948
29003
29058
29113
29168
29222
29278
29333
29387
29443
29498
29553
29608
29663
29718
29773
29829
29884
29938
29993
30049
30104
30159
30214
30269
30324
30380
30434
30489
30544
30600
30654
30709
30765
30819
30874
30929
30985
31039
31094
31150
31204
31259
31314
31369
31424
31479
31534
31589
31644
31698
31754
31809
31864
31919
31974
32029
32084
32139
32194
32249
32305
32359
32414
32470
32524
32579
32633
32689
32744
32799
32854
32909
32964
33018
33074
33129
33183
33239
33294
33349
